2021-06-26
loss,6.773768424987793,2.434847354888916,2.7318191528320312,2.5864646434783936,1.945846676826477,1.8715041875839233,2.0490505695343018,1.6231921911239624,1.5898820161819458,1.6888347864151,1.9529556035995483,1.6393660306930542,2.081007719039917,2.8572452068328857,1.812022089958191,1.98539400100708,1.7084393501281738,1.5303738117218018,1.6155097484588623,1.615912675857544,1.397242784500122,1.6814994812011719,1.4622337818145752,1.776695728302002,1.400471806526184,1.8508405685424805,1.487146019935608,1.670301079750061,1.474664330482483,1.806290864944458,2.129823684692383,2.016620397567749,2.119295358657837,1.5906563997268677,1.7930647134780884,1.7507438659667969,1.6836613416671753,1.1728730201721191,1.371324896812439,1.2926522493362427,1.645548701286316,2.245527505874634,1.4505122900009155,1.4042878150939941,1.5324348211288452,1.263149619102478,1.1849088668823242,1.510459303855896,1.2502753734588623,1.6849218606948853,1.4895590543746948,1.4254264831542969,1.1737357378005981,1.3378424644470215,1.82948899269104,1.0103384256362915,1.2326321601867676,1.2560184001922607,0.9413461089134216,1.1331387758255005,1.6217930316925049,1.4829329252243042,1.103729486465454,0.9815071821212769,1.4427794218063354,1.1140320301055908,1.2883808612823486,1.0952808856964111,1.1144366264343262,1.2010109424591064,0.9399155378341675,1.0313118696212769,1.110974669456482,0.7383278608322144,0.7008252739906311,0.8200061321258545,1.0456342697143555,0.7482357025146484,0.9110575318336487,1.2543026208877563,0.5529062747955322,0.5131695866584778,1.0400909185409546,1.1214346885681152,0.6539462804794312,0.5740181803703308,0.6984165906906128,0.6676422953605652,0.7070183753967285,0.65533047914505,1.033869743347168,0.7321507930755615,0.7640138864517212,0.5913007259368896,0.610568642616272,0.5750306844711304,0.6056733131408691,0.6438833475112915,0.5159590840339661,0.7514591217041016,
mse,0.5653477311134338,0.3812974989414215,0.39982473850250244,0.41242173314094543,0.3737352788448334,0.39101603627204895,0.29564806818962097,0.3308941125869751,0.33130133152008057,0.3674883544445038,0.3840973675251007,0.3841726779937744,0.36651718616485596,0.42803722620010376,0.3845681846141815,0.38745516538619995,0.3775273859500885,0.379403680562973,0.35671696066856384,0.3389146029949188,0.36104872822761536,0.34117591381073,0.35631805658340454,0.33091750741004944,0.32785215973854065,0.3485652506351471,0.3657897114753723,0.3470153510570526,0.3413035273551941,0.3338983952999115,0.33889317512512207,0.33221927285194397,0.3269326686859131,0.3489554524421692,0.32963305711746216,0.3097475469112396,0.3359315097332001,0.27540311217308044,0.26611557602882385,0.2915945053100586,0.2733040750026703,0.3075069785118103,0.2760533094406128,0.2822743356227875,0.28336524963378906,0.2600155472755432,0.23492777347564697,0.22645017504692078,0.24643611907958984,0.2388303428888321,0.22385570406913757,0.2166948914527893,0.20911364257335663,0.20030109584331512,0.22749003767967224,0.2072995901107788,0.1756945550441742,0.1888773888349533,0.1535324901342392,0.13917772471904755,0.1485622078180313,0.17073304951190948,0.16739846765995026,0.1171092614531517,0.08885958790779114,0.11880683153867722,0.11327877640724182,0.1107783317565918,0.09104587882757187,0.09572989493608475,0.0923403725028038,0.07851497828960419,0.0724244937300682,0.05932294949889183,0.04898716136813164,0.044482793658971786,0.05297686159610748,0.050466232001781464,0.04523660987615585,0.04697011038661003,0.047285065054893494,0.04263888671994209,0.0347210131585598,0.03797456994652748,0.03268306329846382,0.02704494073987007,0.0289735347032547,0.032019540667533875,0.0314030759036541,0.026884110644459724,0.028887249529361725,0.031165437772870064,0.030187301337718964,0.02905038744211197,0.028094805777072906,0.024684380739927292,0.02311920002102852,0.022472798824310303,0.02441914565861225,0.02660588175058365,
mae,0.5704436302185059,0.4254571199417114,0.4387331008911133,0.4422079920768738,0.4119247496128082,0.416778564453125,0.3505649268627167,0.3595305383205414,0.3581247627735138,0.3887408375740051,0.4034065902233124,0.4031808078289032,0.39514777064323425,0.44873046875,0.41545623540878296,0.41093575954437256,0.40542304515838623,0.40315067768096924,0.3879530429840088,0.37046095728874207,0.3883654773235321,0.3730734884738922,0.3859272003173828,0.3662351667881012,0.3582076132297516,0.3799504339694977,0.39079391956329346,0.3766167461872101,0.36942198872566223,0.3663363754749298,0.3726136088371277,0.3631505072116852,0.3568044900894165,0.37668055295944214,0.35745567083358765,0.34100791811943054,0.3602759838104248,0.31990110874176025,0.3076293170452118,0.32316723465919495,0.3146148920059204,0.3401823937892914,0.31583359837532043,0.3183290958404541,0.31882667541503906,0.30367788672447205,0.29225409030914307,0.2948167324066162,0.3030656576156616,0.29110538959503174,0.2835513651371002,0.2791561782360077,0.2708838880062103,0.2679763436317444,0.28797030448913574,0.27157774567604065,0.26064667105674744,0.26200175285339355,0.24759887158870697,0.2426086664199829,0.2502951920032501,0.25609850883483887,0.2524592876434326,0.23495423793792725,0.2035273164510727,0.22094155848026276,0.21903745830059052,0.2182348072528839,0.20454595983028412,0.20651687681674957,0.20501179993152618,0.1920085847377777,0.19219185411930084,0.19325830042362213,0.17492295801639557,0.16158553957939148,0.17232313752174377,0.17333929240703583,0.1682259887456894,0.1727992445230484,0.17765356600284576,0.17034488916397095,0.1525205373764038,0.15869085490703583,0.14824004471302032,0.13603895902633667,0.14164862036705017,0.147354856133461,0.1480904221534729,0.1366880089044571,0.14115600287914276,0.14555273950099945,0.14439871907234192,0.14400319755077362,0.14057058095932007,0.13157892227172852,0.12789006531238556,0.1260358840227127,0.13138459622859955,0.13643886148929596,
Loss,autoencoding_loss
Optimizer,Adam
Learning Rate,.001
Steps Per Epoch,50
Batch Size,4096
Epochs,100

Model: "Autoencoder"
_________________________________________________________________
Layer (type)                 Output Shape              Param #   
=================================================================
Phi (Functional)             (None, 3)                 4427      
_________________________________________________________________
Phi_inv (Functional)         (None, 4)                 4428      
=================================================================
Total params: 8,855
Trainable params: 8,855
Non-trainable params: 0
_________________________________________________________________
Model: "Phi"
_________________________________________________________________
Layer (type)                 Output Shape              Param #   
=================================================================
input_1 (InputLayer)         [(None, 4)]               0         
_________________________________________________________________
encoding_layer_1 (Dense)     (None, 8)                 40        
_________________________________________________________________
encoding_layer_2 (Dense)     (None, 256)               2304      
_________________________________________________________________
encoding_layer_3 (Dense)     (None, 8)                 2056      
_________________________________________________________________
bottleneck (Dense)           (None, 3)                 27        
=================================================================
Total params: 4,427
Trainable params: 4,427
Non-trainable params: 0
_________________________________________________________________
Model: "Phi_inv"
_________________________________________________________________
Layer (type)                 Output Shape              Param #   
=================================================================
input_2 (InputLayer)         [(None, 3)]               0         
_________________________________________________________________
decoding_layer_1 (Dense)     (None, 8)                 32        
_________________________________________________________________
decoding_layer_2 (Dense)     (None, 256)               2304      
_________________________________________________________________
decoding_layer_3 (Dense)     (None, 8)                 2056      
_________________________________________________________________
decoded_layer (Dense)        (None, 4)                 36        
=================================================================
Total params: 4,428
Trainable params: 4,428
Non-trainable params: 0
_________________________________________________________________
