0 10
0 10
0 10
0 10
0 10
12750 7.3158e-04
12748 6.8585e-04
12747 6.1927e-04
0 10
0 10
0 10
0 10
0 10
17167 7.0566e-04
13303 5.8606e-04
18550 4.8694e-04
0 10
0 10
0 10
0 10
0 10
19031 6.5493e-04
23943 5.3612e-04
23205 4.3874e-04
0 10
0 10
0 10
0 10
12995 7.5612e-04
23123 5.9437e-04
24634 5.2118e-04
21957 4.5845e-04
0 10
0 10
0 10
12770 7.8817e-04
25185 6.2161e-04
26769 5.3262e-04
27449 4.7742e-04
24274 4.4820e-04
9577 9.1282e-04
12738 8.3817e-04
15421 6.8444e-04
22981 6.1763e-04
26384 5.3680e-04
28649 4.6512e-04
28445 4.2758e-04
24850 4.0459e-04
12747 7.0479e-04
19302 5.5820e-04
23590 5.3952e-04
26105 5.1085e-04
28470 4.5633e-04
27982 4.2446e-04
27747 3.9467e-04
18250 4.3119e-04
12764 5.0524e-04
18134 4.4291e-04
15732 4.9114e-04
23128 4.7077e-04
28193 4.0535e-04
25299 3.9997e-04
22665 3.8311e-04
0 10
